Z 	 eigenvectors  (x = 0.0, y = 0.0)
4.0	[3,6]((-4.86318e-09,4.38299e-08,-1.93668e-07,2.89261e-08,1.48708e-05,1.6528e-08),(-6.65829e-08,-5.39285e-06,3.72441e-09,-1.68435e-05,4.57e-08,-1.05746e-05),(5.76178e-06,5.89125e-08,-3.49229e-06,-8.39485e-09,3.8811e-05,2.44658e-07))
8.0	[3,6]((-3.02643e-07,8.54206e-08,-6.69029e-07,1.08327e-07,4.51723e-05,3.69791e-08),(-1.22075e-07,-1.03925e-05,6.74293e-09,-5.60949e-05,1.18673e-07,-2.11595e-05),(8.97225e-06,7.03986e-08,-1.02099e-05,-5.24996e-09,8.87956e-05,4.21526e-07))
12.0	[3,6]((-9.71055e-07,1.16297e-07,-1.32425e-06,2.29398e-07,9.03039e-05,5.19766e-08),(-1.80945e-07,-1.48301e-05,9.37922e-09,-0.000114341,2.25861e-07,-3.18332e-05),(1.12109e-05,6.88968e-08,-1.89584e-05,1.64321e-10,0.000146156,5.51443e-07))
16.0	[3,6]((-1.62603e-06,1.45771e-07,-2.10886e-06,3.87617e-07,0.000149612,6.60615e-08),(-2.377e-07,-1.87718e-05,1.1612e-08,-0.000189452,3.65096e-07,-4.23886e-05),(1.33272e-05,6.91143e-08,-2.92066e-05,6.7381e-09,0.000208191,6.58483e-07))
20.0	[3,6]((-2.35952e-06,1.7293e-07,-2.98623e-06,5.79652e-07,0.000222357,7.92722e-08),(-2.92192e-07,-2.23106e-05,1.35472e-08,-0.000279772,5.34387e-07,-5.28419e-05),(1.51659e-05,6.91413e-08,-4.0578e-05,1.45632e-08,0.00027249,7.47172e-07))
24.0	[3,6]((-3.14446e-06,1.97928e-07,-3.92882e-06,8.02683e-07,0.000307781,9.18655e-08),(-3.4506e-07,-2.55169e-05,1.52619e-08,-0.000383903,7.31898e-07,-6.31553e-05),(1.67966e-05,6.69132e-08,-5.27735e-05,2.3454e-08,0.000336903,8.23562e-07))
28.0	[3,6]((-3.97831e-06,2.20946e-07,-4.91538e-06,1.0542e-06,0.000405153,1.03728e-07),(-3.95289e-07,-2.83986e-05,1.68313e-08,-0.000500625,9.56064e-07,-7.33091e-05),(1.82412e-05,6.47097e-08,-6.55521e-05,3.31994e-08,0.000399642,8.86473e-07))
32.0	[3,6]((-4.86416e-06,2.41718e-07,-5.92904e-06,1.33191e-06,0.000513775,1.15552e-07),(-4.43146e-07,-3.09859e-05,1.83136e-08,-0.000628799,1.2051e-06,-8.33173e-05),(1.9523e-05,6.17248e-08,-7.87211e-05,4.34859e-08,0.000459222,9.39347e-07))
36.0	[3,6]((-5.74196e-06,2.60678e-07,-6.95631e-06,1.63346e-06,0.000632996,1.27405e-07),(-4.87971e-07,-3.32689e-05,1.96951e-08,-0.000767279,1.47718e-06,-9.30456e-05),(2.0693e-05,5.90307e-08,-9.21276e-05,5.41505e-08,0.00051444,9.80601e-07))
40.0	[3,6]((-6.941e-06,2.7463e-07,-7.98334e-06,1.95633e-06,0.000762053,1.39355e-07),(-5.27684e-07,-3.51552e-05,2.12119e-08,-0.000914879,1.77169e-06,-0.00010301),(2.15228e-05,5.64116e-08,-0.000105647,6.51455e-08,0.000564204,1.0119e-06))
44.0	[3,6]((-6.62199e-06,3.09696e-07,-9.01857e-06,2.29844e-06,0.000900914,1.54778e-07),(-5.81818e-07,-3.69959e-05,2.17267e-08,-0.00107051,2.07975e-06,-0.000110708),(2.3451e-05,5.77845e-08,-0.000119181,7.60259e-08,0.0006083,1.05444e-06))
48.0	[3,6]((-1.3881e-05,1.84991e-07,-1.00395e-05,2.65116e-06,0.00104721,1.19956e-07),(-5.4558e-07,-3.84862e-05,2.53628e-08,-0.00122958,2.41351e-06,-0.000126191),(1.94925e-05,-5.54466e-08,-0.000132495,8.60436e-08,0.000644746,9.54409e-07))
52.0	[3,6]((-8.50257e-06,3.37877e-07,-1.10544e-05,3.02151e-06,0.00120209,1.7681e-07),(-6.55155e-07,-4.05705e-05,2.28629e-08,-0.00139598,2.76512e-06,-0.000127963),(2.48979e-05,4.46484e-08,-0.000145713,9.59754e-08,0.000673693,1.09784e-06))
56.0	[3,6]((-1.07525e-05,3.31337e-07,-1.20704e-05,3.41661e-06,0.00136607,1.83481e-07),(-6.75886e-07,-4.23145e-05,2.43607e-08,-0.00157366,3.12797e-06,-0.000137597),(2.45126e-05,2.86211e-08,-0.000158955,1.07258e-07,0.000696481,1.10638e-06))
60.0	[3,6]((-1.14461e-05,3.4597e-07,-1.30721e-05,3.8281e-06,0.00153704,1.939e-07),(-7.09036e-07,-4.40528e-05,2.49177e-08,-0.00175817,3.51306e-06,-0.00014493),(2.52427e-05,2.19285e-08,-0.00017202,1.18524e-07,0.000711222,1.11869e-06))
64.0	[3,6]((-1.2445e-05,3.56339e-07,-1.40708e-05,4.25431e-06,0.00171508,2.04707e-07),(-7.37063e-07,-4.54304e-05,2.55279e-08,-0.00194857,3.91197e-06,-0.000152454),(2.56892e-05,1.56069e-08,-0.000184873,1.29881e-07,0.000718256,1.12541e-06))
68.0	[3,6]((-1.34017e-05,3.65066e-07,-1.50575e-05,4.69292e-06,0.00189952,2.14802e-07),(-7.63298e-07,-4.65728e-05,2.60402e-08,-0.00214387,4.32545e-06,-0.00015962),(2.613e-05,7.57212e-09,-0.000197477,1.4114e-07,0.000717323,1.12974e-06))
72.0	[3,6]((-1.43727e-05,3.70774e-07,-1.60275e-05,5.14209e-06,0.00208987,2.25525e-07),(-7.8685e-07,-4.74885e-05,2.65159e-08,-0.00234323,4.75169e-06,-0.000166549),(2.65192e-05,-2.64286e-09,-0.000209805,1.52465e-07,0.000708334,1.13314e-06))
76.0	[3,6]((-1.53626e-05,3.75947e-07,-1.69755e-05,5.59994e-06,0.0022856,2.34599e-07),(-8.08182e-07,-4.81872e-05,2.69504e-08,-0.00254585,5.18964e-06,-0.000173246),(2.68714e-05,-8.45442e-09,-0.000221829,1.63753e-07,0.000691228,1.1278e-06))
80.0	[3,6]((-1.63049e-05,3.80742e-07,-1.78963e-05,6.06465e-06,0.00248625,2.45107e-07),(-8.2775e-07,-4.86527e-05,2.73632e-08,-0.00275094,5.63831e-06,-0.000179574),(2.71942e-05,-1.91144e-08,-0.000233526,1.75026e-07,0.000666011,1.12693e-06))
84.0	[3,6]((-1.7608e-05,3.80662e-07,-1.87817e-05,6.53422e-06,0.00269116,2.56075e-07),(-8.40328e-07,-4.87859e-05,2.80267e-08,-0.0029576,6.09713e-06,-0.000186234),(2.74166e-05,-2.45465e-08,-0.000244873,1.86635e-07,0.000632687,1.11573e-06))
88.0	[3,6]((-1.69919e-05,4.05062e-07,-1.96484e-05,7.00713e-06,0.00290062,2.68977e-07),(-8.71693e-07,-4.8883e-05,2.7541e-08,-0.00316509,6.558e-06,-0.000189989),(2.79769e-05,-3.32809e-08,-0.000255839,1.97772e-07,0.000591574,1.10446e-06))
92.0	[3,6]((-2.56752e-05,2.44326e-07,-2.04773e-05,7.47422e-06,0.00311204,2.33671e-07),(-7.91806e-07,-4.91417e-05,3.14106e-08,-0.00336868,7.03578e-06,-0.000203984),(2.69027e-05,-6.67229e-08,-0.000266284,2.08307e-07,0.000542636,1.04784e-06))
96.0	[3,6]((-1.87948e-05,4.07454e-07,-2.12834e-05,7.94477e-06,0.00332682,2.87296e-07),(-8.96968e-07,-4.93699e-05,2.74172e-08,-0.00357308,7.51952e-06,-0.000200268),(2.81862e-05,-5.2487e-08,-0.000276384,2.18819e-07,0.0004847,1.08111e-06))
100.0	[3,6]((-2.12544e-05,3.86693e-07,-2.20701e-05,8.42747e-06,0.00354618,2.92674e-07),(-8.9052e-07,-4.97955e-05,2.84351e-08,-0.00378308,8.00275e-06,-0.000206844),(2.80505e-05,-6.04601e-08,-0.000286208,2.30123e-07,0.000419739,1.06919e-06))
104.0	[3,6]((-2.17459e-05,3.90759e-07,-2.28215e-05,8.91363e-06,0.00376769,2.99248e-07),(-9.03528e-07,-5.01906e-05,2.82375e-08,-0.00399403,8.49848e-06,-0.000210546),(2.81766e-05,-6.81271e-08,-0.000295622,2.41371e-07,0.000347254,1.04995e-06))
108.0	[3,6]((-2.26105e-05,3.89563e-07,-2.35544e-05,9.40217e-06,0.0039917,3.0735e-07),(-9.10184e-07,-5.03069e-05,2.82746e-08,-0.00420534,8.99956e-06,-0.000214593),(2.82229e-05,-7.59179e-08,-0.000304609,2.52373e-07,0.000267591,1.03148e-06))
112.0	[3,6]((-2.33972e-05,3.88103e-07,-2.426e-05,9.89126e-06,0.00421767,3.14737e-07),(-9.15937e-07,-5.02473e-05,2.82335e-08,-0.00441632,9.5055e-06,-0.000218288),(2.82649e-05,-8.31648e-08,-0.000313159,2.63283e-07,0.000180926,1.01079e-06))
116.0	[3,6]((-2.4195e-05,3.85572e-07,-2.4934e-05,1.03797e-05,0.00444523,3.2185e-07),(-9.19879e-07,-5.00339e-05,2.82138e-08,-0.00462642,1.00152e-05,-0.000221794),(2.82911e-05,-8.99551e-08,-0.000321266,2.74101e-07,8.74863e-05,9.88933e-07))
120.0	[3,6]((-2.49889e-05,3.79004e-07,-2.55712e-05,1.08664e-05,0.00467403,3.28327e-07),(-9.22392e-07,-4.96836e-05,2.82288e-08,-0.00483516,1.05279e-05,-0.000225106),(2.83101e-05,-9.72937e-08,-0.000328922,2.8484e-07,-1.24873e-05,9.67241e-07))
124.0	[3,6]((-2.57055e-05,3.75394e-07,-2.61675e-05,1.13499e-05,0.00490374,3.34328e-07),(-9.23682e-07,-4.9186e-05,2.81637e-08,-0.00504205,1.10427e-05,-0.000228089),(2.83003e-05,-1.01028e-07,-0.000336123,2.95609e-07,-0.000118738,9.38096e-07))
128.0	[3,6]((-2.67223e-05,3.69282e-07,-2.67149e-05,1.18292e-05,0.0051339,3.4244e-07),(-9.20349e-07,-4.84805e-05,2.84231e-08,-0.00524658,1.15603e-05,-0.000231396),(2.83722e-05,-1.0532e-07,-0.000342865,3.06672e-07,-0.000230943,9.13514e-07))
132.0	[3,6]((-2.60452e-05,3.83262e-07,-2.72283e-05,1.23033e-05,0.00536488,3.4931e-07),(-9.35296e-07,-4.77012e-05,2.77706e-08,-0.00544837,1.20719e-05,-0.000232196),(2.79922e-05,-1.18175e-07,-0.00034913,3.17591e-07,-0.000348927,8.81498e-07))
136.0	[3,6]((-3.36384e-05,2.4147e-07,-2.7692e-05,1.27651e-05,0.00559454,3.2655e-07),(-8.45759e-07,-4.75325e-05,3.13675e-08,-0.00564376,1.25928e-05,-0.000242257),(2.99229e-05,-7.78823e-08,-0.000354854,3.2825e-07,-0.000471539,8.67979e-07))
140.0	[3,6]((-2.72873e-05,3.72896e-07,-2.8121e-05,1.32231e-05,0.00582411,3.58826e-07),(-9.33665e-07,-4.66855e-05,2.79961e-08,-0.00583678,1.31122e-05,-0.000236469),(2.77064e-05,-1.30012e-07,-0.000360172,3.38852e-07,-0.000600736,8.31703e-07))
144.0	[3,6]((-2.92254e-05,3.50467e-07,-2.85145e-05,1.36853e-05,0.00605501,3.62044e-07),(-9.15998e-07,-4.64719e-05,2.89004e-08,-0.00603151,1.36241e-05,-0.000239988),(2.80415e-05,-1.25442e-07,-0.000365095,3.49639e-07,-0.000735044,8.1061e-07))
148.0	[3,6]((-2.94213e-05,3.47077e-07,-2.88591e-05,1.41446e-05,0.00628522,3.63447e-07),(-9.18793e-07,-4.6219e-05,2.87812e-08,-0.00622442,1.41423e-05,-0.000241017),(2.78293e-05,-1.30748e-07,-0.000369572,3.60234e-07,-0.000873856,7.86025e-07))
152.0	[3,6]((-2.99171e-05,3.42642e-07,-2.91711e-05,1.46007e-05,0.00651519,3.66918e-07),(-9.16156e-07,-4.58201e-05,2.89454e-08,-0.00641536,1.46583e-05,-0.000242414),(2.77199e-05,-1.33916e-07,-0.000373602,3.70479e-07,-0.00101701,7.61149e-07))
156.0	[3,6]((-3.03408e-05,3.42009e-07,-2.94443e-05,1.50536e-05,0.00674465,3.69143e-07),(-9.13879e-07,-4.5356e-05,2.91047e-08,-0.0066041,1.51732e-05,-0.000243554),(2.76069e-05,-1.373e-07,-0.000377205,3.80375e-07,-0.00116409,7.38559e-07))
160.0	[3,6]((-3.07318e-05,3.38586e-07,-2.96765e-05,1.55021e-05,0.00697349,3.71305e-07),(-9.10881e-07,-4.48457e-05,2.93299e-08,-0.00679053,1.56867e-05,-0.000244568),(2.75027e-05,-1.39637e-07,-0.000380403,3.90034e-07,-0.00131468,7.16133e-07))
164.0	[3,6]((-3.10913e-05,3.29859e-07,-2.98656e-05,1.59465e-05,0.00720161,3.73198e-07),(-9.07375e-07,-4.43026e-05,2.96163e-08,-0.00697461,1.61985e-05,-0.000245463),(2.74176e-05,-1.40279e-07,-0.000383223,3.99428e-07,-0.0014683,6.92508e-07))
168.0	[3,6]((-3.13422e-05,3.21208e-07,-3.00108e-05,1.6386e-05,0.00742897,3.73963e-07),(-9.04861e-07,-4.37143e-05,2.99082e-08,-0.0071563,1.67082e-05,-0.000246101),(2.73072e-05,-1.40442e-07,-0.000385699,4.08751e-07,-0.0016245,6.70771e-07))
172.0	[3,6]((-3.18885e-05,3.16911e-07,-3.01101e-05,1.68204e-05,0.00765542,3.76933e-07),(-8.96893e-07,-4.30763e-05,3.04791e-08,-0.00733555,1.72176e-05,-0.000247144),(2.74289e-05,-1.3975e-07,-0.000387877,4.17956e-07,-0.00178265,6.53477e-07))
176.0	[3,6]((-3.07115e-05,3.32659e-07,-3.01889e-05,1.72504e-05,0.0078816,3.80467e-07),(-9.10851e-07,-4.23315e-05,3.02368e-08,-0.00751245,1.77186e-05,-0.000245754),(2.64704e-05,-1.52061e-07,-0.00038979,4.26675e-07,-0.00194273,6.27302e-07))
180.0	[3,6]((-3.77606e-05,2.22777e-07,-3.02472e-05,1.76692e-05,0.00810538,3.40021e-07),(-8.24412e-07,-4.32259e-05,3.48244e-08,-0.00768344,1.82283e-05,-0.000253762),(3.09231e-05,-8.14109e-08,-0.000391516,4.34079e-07,-0.0021028,7.03247e-07))
